# state =  1      n-mode =  1
#  time[fs]    natural populations 
      0.000  8.555E-01  9.620E-02  3.616E-02  1.218E-02
      0.005  8.555E-01  9.620E-02  3.616E-02  1.218E-02
      0.010  8.555E-01  9.620E-02  3.616E-02  1.218E-02
      0.015  8.555E-01  9.620E-02  3.616E-02  1.218E-02
      0.020  8.554E-01  9.621E-02  3.617E-02  1.220E-02
      0.025  8.554E-01  9.623E-02  3.620E-02  1.222E-02
      0.030  8.552E-01  9.627E-02  3.624E-02  1.226E-02
      0.035  8.550E-01  9.636E-02  3.632E-02  1.233E-02
      0.040  8.547E-01  9.650E-02  3.643E-02  1.241E-02
      0.045  8.542E-01  9.671E-02  3.658E-02  1.252E-02
      0.050  8.536E-01  9.700E-02  3.679E-02  1.265E-02
      0.055  8.527E-01  9.741E-02  3.705E-02  1.280E-02
      0.060  8.517E-01  9.793E-02  3.736E-02  1.299E-02
      0.065  8.505E-01  9.859E-02  3.774E-02  1.320E-02
      0.070  8.490E-01  9.940E-02  3.817E-02  1.345E-02
      0.075  8.472E-01  1.004E-01  3.867E-02  1.373E-02
      0.080  8.453E-01  1.015E-01  3.922E-02  1.404E-02
      0.085  8.430E-01  1.027E-01  3.984E-02  1.439E-02
      0.090  8.405E-01  1.042E-01  4.051E-02  1.478E-02
      0.095  8.378E-01  1.058E-01  4.124E-02  1.520E-02
      0.100  8.348E-01  1.075E-01  4.202E-02  1.565E-02
      0.105  8.316E-01  1.094E-01  4.285E-02  1.615E-02
      0.110  8.281E-01  1.115E-01  4.372E-02  1.667E-02
      0.115  8.244E-01  1.137E-01  4.463E-02  1.723E-02
      0.120  8.206E-01  1.161E-01  4.558E-02  1.782E-02
      0.125  8.165E-01  1.185E-01  4.655E-02  1.844E-02
      0.130  8.122E-01  1.212E-01  4.754E-02  1.908E-02
      0.135  8.078E-01  1.239E-01  4.856E-02  1.976E-02
      0.140  8.032E-01  1.268E-01  4.958E-02  2.047E-02
      0.145  7.984E-01  1.298E-01  5.062E-02  2.120E-02
      0.150  7.935E-01  1.329E-01  5.166E-02  2.196E-02
      0.155  7.884E-01  1.362E-01  5.269E-02  2.273E-02
      0.160  7.832E-01  1.396E-01  5.371E-02  2.353E-02
      0.165  7.779E-01  1.431E-01  5.472E-02  2.435E-02
      0.170  7.724E-01  1.467E-01  5.570E-02  2.518E-02
      0.175  7.668E-01  1.505E-01  5.665E-02  2.602E-02
      0.180  7.611E-01  1.545E-01  5.755E-02  2.686E-02
      0.185  7.553E-01  1.586E-01  5.840E-02  2.771E-02
      0.190  7.495E-01  1.628E-01  5.919E-02  2.855E-02
      0.195  7.436E-01  1.671E-01  5.990E-02  2.939E-02
      0.200  7.376E-01  1.716E-01  6.052E-02  3.021E-02
      0.205  7.317E-01  1.762E-01  6.105E-02  3.101E-02
      0.210  7.258E-01  1.810E-01  6.146E-02  3.179E-02
      0.215  7.199E-01  1.858E-01  6.176E-02  3.253E-02
      0.220  7.141E-01  1.908E-01  6.193E-02  3.325E-02
      0.225  7.083E-01  1.958E-01  6.198E-02  3.392E-02
      0.230  7.027E-01  2.009E-01  6.190E-02  3.455E-02
      0.235  6.972E-01  2.060E-01  6.169E-02  3.513E-02
      0.240  6.918E-01  2.112E-01  6.137E-02  3.567E-02
      0.245  6.866E-01  2.164E-01  6.093E-02  3.615E-02
      0.250  6.815E-01  2.215E-01  6.039E-02  3.659E-02
      0.255  6.766E-01  2.267E-01  5.976E-02  3.697E-02
      0.260  6.718E-01  2.318E-01  5.905E-02  3.730E-02
      0.265  6.672E-01  2.369E-01  5.827E-02  3.759E-02
      0.270  6.628E-01  2.419E-01  5.744E-02  3.782E-02
      0.275  6.586E-01  2.468E-01  5.657E-02  3.801E-02
      0.280  6.545E-01  2.517E-01  5.567E-02  3.816E-02
      0.285  6.505E-01  2.565E-01  5.474E-02  3.827E-02
      0.290  6.467E-01  2.612E-01  5.381E-02  3.834E-02
      0.295  6.429E-01  2.658E-01  5.287E-02  3.839E-02
      0.300  6.393E-01  2.704E-01  5.194E-02  3.840E-02
      0.305  6.357E-01  2.749E-01  5.101E-02  3.840E-02
      0.310  6.321E-01  2.794E-01  5.010E-02  3.838E-02
      0.315  6.285E-01  2.839E-01  4.920E-02  3.835E-02
      0.320  6.249E-01  2.885E-01  4.832E-02  3.831E-02
      0.325  6.212E-01  2.931E-01  4.744E-02  3.827E-02
      0.330  6.174E-01  2.978E-01  4.658E-02  3.822E-02
      0.335  6.136E-01  3.025E-01  4.573E-02  3.818E-02
      0.340  6.096E-01  3.074E-01  4.487E-02  3.814E-02
      0.345  6.054E-01  3.125E-01  4.402E-02  3.809E-02
      0.350  6.011E-01  3.177E-01  4.316E-02  3.804E-02
      0.355  5.966E-01  3.232E-01  4.229E-02  3.797E-02
      0.360  5.919E-01  3.288E-01  4.142E-02  3.788E-02
      0.365  5.870E-01  3.347E-01  4.053E-02  3.775E-02
      0.370  5.819E-01  3.409E-01  3.964E-02  3.758E-02
      0.375  5.766E-01  3.473E-01  3.874E-02  3.736E-02
      0.380  5.711E-01  3.540E-01  3.785E-02  3.707E-02
      0.385  5.654E-01  3.609E-01  3.697E-02  3.672E-02
      0.390  5.595E-01  3.681E-01  3.631E-02  3.612E-02
      0.395  5.533E-01  3.755E-01  3.583E-02  3.531E-02
      0.400  5.470E-01  3.832E-01  3.530E-02  3.455E-02
      0.405  5.403E-01  3.911E-01  3.472E-02  3.386E-02
      0.410  5.334E-01  3.992E-01  3.413E-02  3.325E-02
      0.415  5.262E-01  4.075E-01  3.354E-02  3.272E-02
      0.420  5.187E-01  4.160E-01  3.297E-02  3.229E-02
      0.425  5.109E-01  4.247E-01  3.245E-02  3.196E-02
      0.430  5.028E-01  4.335E-01  3.201E-02  3.174E-02
      0.435  4.943E-01  4.424E-01  3.168E-02  3.163E-02
      0.440  4.855E-01  4.514E-01  3.163E-02  3.146E-02
      0.445  4.764E-01  4.605E-01  3.173E-02  3.138E-02
      0.450  4.697E-01  4.669E-01  3.193E-02  3.145E-02
      0.455  4.789E-01  4.572E-01  3.222E-02  3.166E-02
      0.460  4.882E-01  4.472E-01  3.258E-02  3.199E-02
      0.465  4.976E-01  4.370E-01  3.300E-02  3.243E-02
      0.470  5.069E-01  4.267E-01  3.344E-02  3.294E-02
      0.475  5.162E-01  4.164E-01  3.388E-02  3.348E-02
      0.480  5.256E-01  4.062E-01  3.427E-02  3.401E-02
      0.485  5.348E-01  3.961E-01  3.459E-02  3.448E-02
      0.490  5.439E-01  3.865E-01  3.485E-02  3.480E-02
      0.495  5.528E-01  3.773E-01  3.507E-02  3.487E-02
      0.500  5.614E-01  3.687E-01  3.513E-02  3.477E-02
      0.505  5.695E-01  3.610E-01  3.499E-02  3.451E-02
      0.510  5.771E-01  3.542E-01  3.467E-02  3.409E-02
      0.515  5.838E-01  3.484E-01  3.418E-02  3.353E-02
      0.520  5.896E-01  3.440E-01  3.354E-02  3.289E-02
      0.525  5.942E-01  3.408E-01  3.280E-02  3.221E-02
      0.530  5.974E-01  3.391E-01  3.202E-02  3.155E-02
      0.535  5.990E-01  3.388E-01  3.126E-02  3.099E-02
      0.540  5.989E-01  3.399E-01  3.060E-02  3.056E-02
      0.545  5.971E-01  3.425E-01  3.032E-02  3.009E-02
      0.550  5.935E-01  3.465E-01  3.027E-02  2.980E-02
      0.555  5.882E-01  3.516E-01  3.042E-02  2.976E-02
      0.560  5.814E-01  3.579E-01  3.073E-02  2.998E-02
      0.565  5.734E-01  3.650E-01  3.117E-02  3.042E-02
      0.570  5.644E-01  3.729E-01  3.166E-02  3.104E-02
      0.575  5.547E-01  3.814E-01  3.216E-02  3.174E-02
      0.580  5.445E-01  3.904E-01  3.260E-02  3.244E-02
      0.585  5.342E-01  3.998E-01  3.306E-02  3.293E-02
      0.590  5.238E-01  4.095E-01  3.352E-02  3.313E-02
      0.595  5.135E-01  4.196E-01  3.378E-02  3.319E-02
      0.600  5.032E-01  4.299E-01  3.381E-02  3.309E-02
      0.605  4.931E-01  4.405E-01  3.360E-02  3.285E-02
      0.610  4.830E-01  4.514E-01  3.316E-02  3.248E-02
      0.615  4.730E-01  4.625E-01  3.252E-02  3.198E-02
      0.620  4.739E-01  4.630E-01  3.171E-02  3.138E-02
      0.625  4.856E-01  4.529E-01  3.078E-02  3.069E-02
      0.630  4.975E-01  4.428E-01  2.995E-02  2.979E-02
      0.635  5.095E-01  4.326E-01  2.917E-02  2.880E-02
      0.640  5.215E-01  4.222E-01  2.840E-02  2.788E-02
      0.645  5.333E-01  4.119E-01  2.771E-02  2.711E-02
      0.650  5.447E-01  4.016E-01  2.716E-02  2.656E-02
      0.655  5.554E-01  3.915E-01  2.680E-02  2.630E-02
      0.660  5.651E-01  3.818E-01  2.670E-02  2.639E-02
      0.665  5.735E-01  3.727E-01  2.692E-02  2.684E-02
      0.670  5.805E-01  3.644E-01  2.765E-02  2.748E-02
      0.675  5.858E-01  3.571E-01  2.877E-02  2.837E-02
      0.680  5.895E-01  3.509E-01  3.008E-02  2.955E-02
      0.685  5.915E-01  3.461E-01  3.148E-02  3.094E-02
      0.690  5.921E-01  3.427E-01  3.283E-02  3.239E-02
      0.695  5.914E-01  3.409E-01  3.400E-02  3.375E-02
      0.700  5.897E-01  3.406E-01  3.488E-02  3.486E-02
      0.705  5.872E-01  3.419E-01  3.557E-02  3.539E-02
      0.710  5.841E-01  3.447E-01  3.577E-02  3.547E-02
      0.715  5.805E-01  3.490E-01  3.543E-02  3.512E-02
      0.720  5.766E-01  3.545E-01  3.456E-02  3.434E-02
      0.725  5.724E-01  3.612E-01  3.325E-02  3.319E-02
      0.730  5.677E-01  3.689E-01  3.174E-02  3.165E-02
      0.735  5.626E-01  3.774E-01  3.009E-02  2.990E-02
      0.740  5.569E-01  3.866E-01  2.835E-02  2.818E-02
      0.745  5.505E-01  3.962E-01  2.666E-02  2.661E-02
      0.750  5.433E-01  4.062E-01  2.529E-02  2.517E-02
      0.755  5.351E-01  4.166E-01  2.427E-02  2.401E-02
      0.760  5.258E-01  4.273E-01  2.361E-02  2.329E-02
      0.765  5.154E-01  4.382E-01  2.336E-02  2.310E-02
      0.770  5.037E-01  4.493E-01  2.357E-02  2.345E-02
      0.775  4.909E-01  4.605E-01  2.435E-02  2.430E-02
      0.780  4.772E-01  4.716E-01  2.571E-02  2.554E-02
      0.785  4.826E-01  4.628E-01  2.743E-02  2.722E-02
      0.790  4.934E-01  4.481E-01  2.938E-02  2.919E-02
      0.795  5.039E-01  4.335E-01  3.137E-02  3.124E-02
      0.800  5.141E-01  4.195E-01  3.322E-02  3.315E-02
      0.805  5.241E-01  4.064E-01  3.478E-02  3.470E-02
      0.810  5.339E-01  3.946E-01  3.586E-02  3.573E-02
      0.815  5.434E-01  3.842E-01  3.637E-02  3.613E-02
      0.820  5.525E-01  3.754E-01  3.621E-02  3.587E-02
      0.825  5.613E-01  3.684E-01  3.538E-02  3.499E-02
      0.830  5.695E-01  3.630E-01  3.393E-02  3.356E-02
      0.835  5.771E-01  3.593E-01  3.196E-02  3.172E-02
      0.840  5.839E-01  3.568E-01  2.966E-02  2.962E-02
      0.845  5.899E-01  3.555E-01  2.740E-02  2.721E-02
      0.850  5.949E-01  3.550E-01  2.524E-02  2.486E-02
      0.855  5.989E-01  3.550E-01  2.327E-02  2.282E-02
      0.860  6.017E-01  3.554E-01  2.166E-02  2.128E-02
      0.865  6.029E-01  3.562E-01  2.052E-02  2.038E-02
      0.870  6.023E-01  3.575E-01  2.020E-02  2.001E-02
      0.875  5.997E-01  3.593E-01  2.073E-02  2.024E-02
      0.880  5.949E-01  3.618E-01  2.194E-02  2.129E-02
      0.885  5.881E-01  3.650E-01  2.373E-02  2.313E-02
      0.890  5.794E-01  3.690E-01  2.598E-02  2.563E-02
      0.895  5.692E-01  3.738E-01  2.853E-02  2.853E-02
      0.900  5.578E-01  3.795E-01  3.153E-02  3.116E-02
      0.905  5.455E-01  3.866E-01  3.429E-02  3.362E-02
      0.910  5.326E-01  3.952E-01  3.652E-02  3.566E-02
      0.915  5.194E-01  4.056E-01  3.801E-02  3.708E-02
      0.920  5.059E-01  4.177E-01  3.865E-02  3.774E-02
      0.925  4.926E-01  4.314E-01  3.843E-02  3.760E-02
      0.930  4.795E-01  4.463E-01  3.744E-02  3.672E-02
      0.935  4.670E-01  4.620E-01  3.579E-02  3.521E-02
      0.940  4.779E-01  4.552E-01  3.364E-02  3.326E-02
      0.945  4.935E-01  4.443E-01  3.114E-02  3.104E-02
      0.950  5.085E-01  4.343E-01  2.871E-02  2.848E-02
      0.955  5.226E-01  4.251E-01  2.644E-02  2.583E-02
      0.960  5.358E-01  4.164E-01  2.435E-02  2.340E-02
      0.965  5.480E-01  4.080E-01  2.256E-02  2.142E-02
      0.970  5.590E-01  3.997E-01  2.119E-02  2.010E-02
      0.975  5.685E-01  3.915E-01  2.036E-02  1.963E-02
      0.980  5.762E-01  3.835E-01  2.020E-02  2.007E-02
      0.985  5.818E-01  3.760E-01  2.135E-02  2.080E-02
      0.990  5.854E-01  3.691E-01  2.328E-02  2.217E-02
      0.995  5.873E-01  3.629E-01  2.560E-02  2.423E-02
      1.000  5.879E-01  3.573E-01  2.801E-02  2.672E-02
      1.005  5.879E-01  3.525E-01  3.025E-02  2.933E-02
      1.010  5.876E-01  3.486E-01  3.212E-02  3.169E-02
      1.015  5.871E-01  3.460E-01  3.351E-02  3.346E-02
      1.020  5.863E-01  3.450E-01  3.457E-02  3.415E-02
      1.025  5.849E-01  3.462E-01  3.480E-02  3.415E-02
      1.030  5.827E-01  3.496E-01  3.423E-02  3.348E-02
      1.035  5.795E-01  3.553E-01  3.299E-02  3.222E-02
      1.040  5.753E-01  3.630E-01  3.122E-02  3.051E-02
      1.045  5.702E-01  3.721E-01  2.912E-02  2.854E-02
      1.050  5.643E-01  3.823E-01  2.687E-02  2.648E-02
      1.055  5.577E-01  3.931E-01  2.467E-02  2.451E-02
      1.060  5.504E-01  4.042E-01  2.277E-02  2.269E-02
      1.065  5.419E-01  4.155E-01  2.143E-02  2.110E-02
      1.070  5.322E-01  4.271E-01  2.062E-02  2.005E-02
      1.075  5.209E-01  4.390E-01  2.041E-02  1.968E-02
      1.080  5.083E-01  4.508E-01  2.082E-02  2.008E-02
      1.085  4.946E-01  4.623E-01  2.180E-02  2.128E-02
      1.090  4.803E-01  4.732E-01  2.326E-02  2.319E-02
      1.095  4.835E-01  4.659E-01  2.559E-02  2.505E-02
      1.100  4.934E-01  4.514E-01  2.817E-02  2.701E-02
      1.105  5.033E-01  4.371E-01  3.057E-02  2.896E-02
      1.110  5.137E-01  4.231E-01  3.247E-02  3.072E-02
      1.115  5.246E-01  4.095E-01  3.369E-02  3.215E-02
      1.120  5.360E-01  3.967E-01  3.416E-02  3.310E-02
      1.125  5.476E-01  3.849E-01  3.393E-02  3.352E-02
      1.130  5.589E-01  3.746E-01  3.337E-02  3.310E-02
      1.135  5.695E-01  3.660E-01  3.269E-02  3.183E-02
      1.140  5.790E-01  3.592E-01  3.155E-02  3.027E-02
      1.145  5.871E-01  3.542E-01  3.008E-02  2.859E-02
      1.150  5.938E-01  3.509E-01  2.843E-02  2.694E-02
      1.155  5.989E-01  3.489E-01  2.676E-02  2.544E-02
      1.160  6.025E-01  3.481E-01  2.522E-02  2.417E-02
      1.165  6.044E-01  3.485E-01  2.392E-02  2.322E-02
      1.170  6.042E-01  3.501E-01  2.294E-02  2.268E-02
      1.175  6.018E-01  3.532E-01  2.262E-02  2.234E-02
      1.180  5.971E-01  3.576E-01  2.308E-02  2.220E-02
      1.185  5.902E-01  3.633E-01  2.399E-02  2.257E-02
      1.190  5.817E-01  3.697E-01  2.519E-02  2.348E-02
      1.195  5.723E-01  3.764E-01  2.644E-02  2.484E-02
      1.200  5.627E-01  3.833E-01  2.750E-02  2.642E-02
      1.205  5.533E-01  3.906E-01  2.820E-02  2.790E-02
      1.210  5.440E-01  3.985E-01  2.898E-02  2.845E-02
      1.215  5.346E-01  4.077E-01  2.944E-02  2.828E-02
      1.220  5.246E-01  4.184E-01  2.925E-02  2.780E-02
      1.225  5.140E-01  4.304E-01  2.851E-02  2.711E-02
      1.230  5.028E-01  4.435E-01  2.739E-02  2.632E-02
      1.235  4.914E-01  4.570E-01  2.607E-02  2.548E-02
      1.240  4.800E-01  4.707E-01  2.469E-02  2.464E-02
      1.245  4.842E-01  4.685E-01  2.387E-02  2.340E-02
      1.250  4.976E-01  4.568E-01  2.323E-02  2.235E-02
      1.255  5.109E-01  4.446E-01  2.285E-02  2.169E-02
      1.260  5.239E-01  4.318E-01  2.280E-02  2.155E-02
      1.265  5.362E-01  4.187E-01  2.313E-02  2.201E-02
      1.270  5.473E-01  4.059E-01  2.380E-02  2.305E-02
      1.275  5.567E-01  3.940E-01  2.473E-02  2.457E-02
      1.280  5.642E-01  3.836E-01  2.635E-02  2.579E-02
      1.285  5.701E-01  3.749E-01  2.814E-02  2.685E-02
      1.290  5.749E-01  3.678E-01  2.963E-02  2.776E-02
      1.295  5.792E-01  3.618E-01  3.061E-02  2.842E-02
      1.300  5.836E-01  3.567E-01  3.092E-02  2.877E-02
      1.305  5.883E-01  3.524E-01  3.049E-02  2.884E-02
      1.310  5.928E-01  3.491E-01  2.942E-02  2.865E-02
      1.315  5.965E-01  3.473E-01  2.825E-02  2.791E-02
      1.320  5.989E-01  3.473E-01  2.765E-02  2.624E-02
      1.325  5.993E-01  3.492E-01  2.686E-02  2.468E-02
      1.330  5.978E-01  3.528E-01  2.593E-02  2.346E-02
      1.335  5.946E-01  3.578E-01  2.493E-02  2.269E-02
      1.340  5.898E-01  3.638E-01  2.399E-02  2.244E-02
      1.345  5.835E-01  3.706E-01  2.326E-02  2.271E-02
      1.350  5.754E-01  3.782E-01  2.347E-02  2.293E-02
      1.355  5.652E-01  3.871E-01  2.460E-02  2.311E-02
      1.360  5.528E-01  3.974E-01  2.595E-02  2.385E-02
      1.365  5.385E-01  4.091E-01  2.734E-02  2.506E-02
      1.370  5.230E-01  4.218E-01  2.861E-02  2.656E-02
      1.375  5.072E-01  4.350E-01  2.964E-02  2.814E-02
      1.380  4.920E-01  4.481E-01  3.031E-02  2.953E-02
      1.385  4.781E-01  4.609E-01  3.051E-02  3.050E-02
      1.390  4.734E-01  4.655E-01  3.088E-02  3.017E-02
      1.395  4.859E-01  4.543E-01  3.058E-02  2.925E-02
      1.400  4.987E-01  4.438E-01  2.961E-02  2.782E-02
      1.405  5.120E-01  4.339E-01  2.802E-02  2.604E-02
      1.410  5.256E-01  4.243E-01  2.594E-02  2.415E-02
      1.415  5.389E-01  4.151E-01  2.358E-02  2.240E-02
      1.420  5.511E-01  4.066E-01  2.127E-02  2.100E-02
      1.425  5.617E-01  3.989E-01  2.005E-02  1.936E-02
      1.430  5.707E-01  3.916E-01  1.955E-02  1.814E-02
      1.435  5.784E-01  3.843E-01  1.946E-02  1.779E-02
      1.440  5.855E-01  3.764E-01  1.977E-02  1.836E-02
      1.445  5.918E-01  3.679E-01  2.049E-02  1.976E-02
      1.450  5.970E-01  3.594E-01  2.186E-02  2.172E-02
      1.455  6.001E-01  3.520E-01  2.449E-02  2.348E-02
      1.460  6.005E-01  3.464E-01  2.740E-02  2.569E-02
      1.465  5.982E-01  3.434E-01  3.027E-02  2.810E-02
      1.470  5.939E-01  3.431E-01  3.270E-02  3.038E-02
      1.475  5.883E-01  3.452E-01  3.433E-02  3.218E-02
      1.480  5.824E-01  3.495E-01  3.489E-02  3.323E-02
      1.485  5.767E-01  3.556E-01  3.430E-02  3.340E-02
      1.490  5.712E-01  3.633E-01  3.273E-02  3.271E-02
      1.495  5.657E-01  3.725E-01  3.137E-02  3.040E-02
      1.500  5.596E-01  3.831E-01  2.952E-02  2.773E-02
      1.505  5.525E-01  3.951E-01  2.735E-02  2.503E-02
      1.510  5.442E-01  4.081E-01  2.505E-02  2.264E-02
      1.515  5.348E-01  4.217E-01  2.275E-02  2.077E-02
      1.520  5.246E-01  4.352E-01  2.065E-02  1.954E-02
      1.525  5.138E-01  4.482E-01  1.900E-02  1.896E-02
      1.530  5.021E-01  4.608E-01  1.913E-02  1.795E-02
      1.535  4.890E-01  4.732E-01  1.997E-02  1.792E-02
      1.540  4.855E-01  4.739E-01  2.151E-02  1.909E-02
      1.545  4.976E-01  4.572E-01  2.370E-02  2.149E-02
      1.550  5.092E-01  4.396E-01  2.629E-02  2.484E-02
      1.555  5.201E-01  4.224E-01  2.894E-02  2.862E-02
      1.560  5.300E-01  4.066E-01  3.214E-02  3.125E-02
      1.565  5.393E-01  3.931E-01  3.479E-02  3.286E-02
      1.570  5.481E-01  3.822E-01  3.613E-02  3.358E-02
      1.575  5.567E-01  3.739E-01  3.602E-02  3.336E-02
      1.580  5.654E-01  3.677E-01  3.459E-02  3.229E-02
      1.585  5.740E-01  3.633E-01  3.218E-02  3.054E-02
      1.590  5.822E-01  3.604E-01  2.916E-02  2.831E-02
      1.595  5.895E-01  3.588E-01  2.590E-02  2.579E-02
      1.600  5.956E-01  3.586E-01  2.317E-02  2.271E-02
      1.605  5.999E-01  3.595E-01  2.069E-02  1.983E-02
      1.610  6.025E-01  3.614E-01  1.858E-02  1.749E-02
      1.615  6.034E-01  3.636E-01  1.702E-02  1.595E-02
      1.620  6.027E-01  3.656E-01  1.621E-02  1.547E-02
      1.625  6.004E-01  3.671E-01  1.631E-02  1.620E-02
      1.630  5.961E-01  3.684E-01  1.812E-02  1.745E-02
      1.635  5.891E-01  3.702E-01  2.099E-02  1.962E-02
      1.640  5.795E-01  3.735E-01  2.440E-02  2.264E-02
      1.645  5.675E-01  3.784E-01  2.784E-02  2.617E-02
      1.650  5.540E-01  3.854E-01  3.085E-02  2.971E-02
      1.655  5.399E-01  3.943E-01  3.303E-02  3.271E-02
      1.660  5.259E-01  4.052E-01  3.473E-02  3.418E-02
      1.665  5.125E-01  4.177E-01  3.556E-02  3.422E-02
      1.670  4.996E-01  4.319E-01  3.520E-02  3.329E-02
      1.675  4.871E-01  4.474E-01  3.385E-02  3.162E-02
      1.680  4.748E-01  4.638E-01  3.181E-02  2.953E-02
      1.685  4.805E-01  4.628E-01  2.941E-02  2.730E-02
      1.690  4.969E-01  4.510E-01  2.689E-02  2.520E-02
      1.695  5.124E-01  4.398E-01  2.442E-02  2.336E-02
      1.700  5.268E-01  4.293E-01  2.208E-02  2.184E-02
      1.705  5.400E-01  4.194E-01  2.066E-02  1.998E-02
      1.710  5.520E-01  4.099E-01  1.983E-02  1.832E-02
      1.715  5.628E-01  4.004E-01  1.941E-02  1.743E-02
      1.720  5.722E-01  3.906E-01  1.953E-02  1.764E-02
      1.725  5.800E-01  3.805E-01  2.036E-02  1.914E-02
      1.730  5.858E-01  3.704E-01  2.200E-02  2.185E-02
      1.735  5.897E-01  3.607E-01  2.532E-02  2.431E-02
      1.740  5.919E-01  3.523E-01  2.892E-02  2.694E-02
      1.745  5.929E-01  3.459E-01  3.194E-02  2.936E-02
      1.750  5.931E-01  3.420E-01  3.377E-02  3.108E-02
      1.755  5.928E-01  3.413E-01  3.412E-02  3.180E-02
      1.760  5.919E-01  3.436E-01  3.301E-02  3.150E-02
      1.765  5.900E-01  3.488E-01  3.081E-02  3.035E-02
      1.770  5.870E-01  3.563E-01  2.864E-02  2.806E-02
      1.775  5.827E-01  3.654E-01  2.662E-02  2.529E-02
      1.780  5.773E-01  3.753E-01  2.448E-02  2.287E-02
      1.785  5.712E-01  3.856E-01  2.233E-02  2.093E-02
      1.790  5.645E-01  3.957E-01  2.029E-02  1.945E-02
      1.795  5.574E-01  4.057E-01  1.856E-02  1.835E-02
      1.800  5.493E-01  4.157E-01  1.766E-02  1.734E-02
      1.805  5.398E-01  4.257E-01  1.760E-02  1.689E-02
      1.810  5.286E-01  4.356E-01  1.838E-02  1.739E-02
      1.815  5.156E-01  4.453E-01  2.010E-02  1.894E-02
      1.820  5.012E-01  4.548E-01  2.258E-02  2.143E-02
      1.825  4.858E-01  4.644E-01  2.534E-02  2.450E-02
      1.830  4.746E-01  4.700E-01  2.779E-02  2.764E-02
      1.835  4.861E-01  4.543E-01  3.022E-02  2.940E-02
      1.840  4.993E-01  4.390E-01  3.175E-02  2.994E-02
      1.845  5.141E-01  4.243E-01  3.200E-02  2.953E-02
      1.850  5.298E-01  4.106E-01  3.109E-02  2.851E-02
      1.855  5.452E-01  3.981E-01  2.939E-02  2.729E-02
      1.860  5.594E-01  3.870E-01  2.740E-02  2.617E-02
      1.865  5.717E-01  3.775E-01  2.555E-02  2.529E-02
      1.870  5.817E-01  3.696E-01  2.469E-02  2.408E-02
      1.875  5.896E-01  3.631E-01  2.428E-02  2.303E-02
      1.880  5.959E-01  3.579E-01  2.393E-02  2.229E-02
      1.885  6.008E-01  3.539E-01  2.356E-02  2.177E-02
      1.890  6.042E-01  3.512E-01  2.313E-02  2.144E-02
      1.895  6.057E-01  3.501E-01  2.275E-02  2.145E-02
      1.900  6.048E-01  3.506E-01  2.258E-02  2.199E-02
      1.905  6.015E-01  3.526E-01  2.315E-02  2.280E-02
      1.910  5.961E-01  3.556E-01  2.484E-02  2.349E-02
      1.915  5.893E-01  3.594E-01  2.672E-02  2.457E-02
      1.920  5.820E-01  3.639E-01  2.828E-02  2.586E-02
      1.925  5.746E-01  3.693E-01  2.908E-02  2.701E-02
      1.930  5.670E-01  3.765E-01  2.887E-02  2.767E-02
      1.935  5.588E-01  3.859E-01  2.767E-02  2.758E-02
      1.940  5.495E-01  3.980E-01  2.668E-02  2.581E-02
      1.945  5.389E-01  4.122E-01  2.520E-02  2.372E-02
      1.950  5.271E-01  4.275E-01  2.351E-02  2.187E-02
      1.955  5.148E-01  4.427E-01  2.195E-02  2.057E-02
      1.960  5.024E-01  4.569E-01  2.077E-02  1.995E-02
      1.965  4.902E-01  4.698E-01  2.004E-02  1.996E-02
      1.970  4.817E-01  4.782E-01  2.035E-02  1.971E-02
      1.975  4.934E-01  4.660E-01  2.083E-02  1.972E-02
      1.980  5.052E-01  4.534E-01  2.131E-02  2.013E-02
      1.985  5.166E-01  4.406E-01  2.187E-02  2.101E-02
      1.990  5.270E-01  4.279E-01  2.268E-02  2.238E-02
      1.995  5.361E-01  4.159E-01  2.412E-02  2.383E-02
      2.000  5.441E-01  4.047E-01  2.598E-02  2.520E-02
      2.005  5.518E-01  3.941E-01  2.762E-02  2.647E-02
      2.010  5.600E-01  3.840E-01  2.869E-02  2.727E-02
      2.015  5.695E-01  3.743E-01  2.889E-02  2.731E-02
      2.020  5.801E-01  3.653E-01  2.809E-02  2.655E-02
      2.025  5.906E-01  3.578E-01  2.642E-02  2.520E-02
      2.030  5.998E-01  3.524E-01  2.423E-02  2.365E-02
      2.035  6.062E-01  3.494E-01  2.235E-02  2.207E-02
      2.040  6.092E-01  3.488E-01  2.159E-02  2.046E-02
      2.045  6.089E-01  3.499E-01  2.145E-02  1.975E-02
      2.050  6.062E-01  3.520E-01  2.179E-02  2.000E-02
      2.055  6.016E-01  3.549E-01  2.241E-02  2.105E-02
      2.060  5.955E-01  3.587E-01  2.320E-02  2.256E-02
      2.065  5.877E-01  3.640E-01  2.422E-02  2.414E-02
      2.070  5.778E-01  3.712E-01  2.582E-02  2.525E-02
      2.075  5.658E-01  3.804E-01  2.727E-02  2.649E-02
      2.080  5.523E-01  3.914E-01  2.857E-02  2.769E-02
      2.085  5.382E-01  4.035E-01  2.965E-02  2.870E-02
      2.090  5.244E-01  4.159E-01  3.035E-02  2.932E-02
      2.095  5.118E-01  4.284E-01  3.045E-02  2.944E-02
      2.100  5.004E-01  4.409E-01  2.973E-02  2.893E-02
      2.105  4.899E-01  4.542E-01  2.811E-02  2.776E-02
      2.110  4.794E-01  4.689E-01  2.595E-02  2.575E-02
      2.115  4.850E-01  4.683E-01  2.365E-02  2.304E-02
      2.120  5.021E-01  4.563E-01  2.116E-02  2.048E-02
      2.125  5.187E-01  4.439E-01  1.890E-02  1.851E-02
      2.130  5.334E-01  4.320E-01  1.734E-02  1.726E-02
      2.135  5.454E-01  4.210E-01  1.700E-02  1.656E-02
      2.140  5.551E-01  4.106E-01  1.743E-02  1.691E-02
      2.145  5.632E-01  4.001E-01  1.857E-02  1.820E-02
      2.150  5.704E-01  3.892E-01  2.024E-02  2.014E-02
      2.155  5.769E-01  3.785E-01  2.237E-02  2.221E-02
      2.160  5.821E-01  3.691E-01  2.460E-02  2.421E-02
      2.165  5.853E-01  3.620E-01  2.665E-02  2.606E-02
      2.170  5.865E-01  3.575E-01  2.838E-02  2.764E-02
      2.175  5.861E-01  3.554E-01  2.966E-02  2.885E-02
      2.180  5.854E-01  3.548E-01  3.031E-02  2.953E-02
      2.185  5.854E-01  3.550E-01  3.014E-02  2.949E-02
      2.190  5.867E-01  3.557E-01  2.905E-02  2.857E-02
      2.195  5.889E-01  3.572E-01  2.713E-02  2.678E-02
      2.200  5.908E-01  3.601E-01  2.465E-02  2.441E-02
      2.205  5.907E-01  3.654E-01  2.199E-02  2.192E-02
      2.210  5.875E-01  3.731E-01  1.981E-02  1.961E-02
      2.215  5.810E-01  3.827E-01  1.844E-02  1.790E-02
      2.220  5.718E-01  3.931E-01  1.799E-02  1.717E-02
      2.225  5.606E-01  4.034E-01  1.844E-02  1.756E-02
      2.230  5.479E-01  4.135E-01  1.966E-02  1.900E-02
      2.235  5.336E-01  4.237E-01  2.144E-02  2.125E-02
      2.240  5.174E-01  4.350E-01  2.395E-02  2.362E-02
      2.245  4.995E-01  4.477E-01  2.673E-02  2.605E-02
      2.250  4.805E-01  4.617E-01  2.927E-02  2.854E-02
      2.255  4.764E-01  4.615E-01  3.134E-02  3.080E-02
      2.260  4.909E-01  4.439E-01  3.274E-02  3.247E-02
      2.265  5.047E-01  4.288E-01  3.331E-02  3.316E-02
      2.270  5.178E-01  4.166E-01  3.287E-02  3.264E-02
      2.275  5.307E-01  4.070E-01  3.135E-02  3.095E-02
      2.280  5.437E-01  3.991E-01  2.884E-02  2.837E-02
      2.285  5.570E-01  3.920E-01  2.563E-02  2.530E-02
      2.290  5.704E-01  3.852E-01  2.224E-02  2.218E-02
      2.295  5.826E-01  3.789E-01  1.938E-02  1.918E-02
      2.300  5.924E-01  3.736E-01  1.717E-02  1.689E-02
      2.305  5.988E-01  3.699E-01  1.576E-02  1.559E-02
      2.310  6.019E-01  3.675E-01  1.532E-02  1.528E-02
      2.315  6.026E-01  3.655E-01  1.601E-02  1.585E-02
      2.320  6.021E-01  3.628E-01  1.757E-02  1.748E-02
      2.325  6.008E-01  3.594E-01  1.997E-02  1.986E-02
      2.330  5.982E-01  3.563E-01  2.289E-02  2.264E-02
      2.335  5.937E-01  3.551E-01  2.573E-02  2.548E-02
      2.340  5.871E-01  3.570E-01  2.804E-02  2.790E-02
      2.345  5.787E-01  3.622E-01  2.957E-02  2.952E-02
      2.350  5.695E-01  3.701E-01  3.026E-02  3.018E-02
      2.355  5.602E-01  3.797E-01  3.017E-02  2.994E-02
      2.360  5.515E-01  3.901E-01  2.937E-02  2.899E-02
      2.365  5.437E-01  4.009E-01  2.792E-02  2.750E-02
      2.370  5.363E-01  4.121E-01  2.593E-02  2.562E-02
      2.375  5.285E-01  4.244E-01  2.362E-02  2.350E-02
      2.380  5.193E-01  4.379E-01  2.142E-02  2.134E-02
      2.385  5.082E-01  4.527E-01  1.970E-02  1.941E-02
      2.390  4.953E-01  4.679E-01  1.861E-02  1.812E-02
      2.395  4.827E-01  4.813E-01  1.831E-02  1.765E-02
      2.400  4.965E-01  4.667E-01  1.877E-02  1.809E-02
      2.405  5.091E-01  4.515E-01  1.991E-02  1.945E-02
      2.410  5.211E-01  4.357E-01  2.162E-02  2.157E-02
      2.415  5.329E-01  4.193E-01  2.412E-02  2.373E-02
      2.420  5.446E-01  4.027E-01  2.674E-02  2.601E-02
      2.425  5.559E-01  3.868E-01  2.907E-02  2.820E-02
      2.430  5.663E-01  3.729E-01  3.081E-02  3.005E-02
      2.435  5.750E-01  3.620E-01  3.174E-02  3.127E-02
      2.440  5.821E-01  3.547E-01  3.171E-02  3.156E-02
      2.445  5.877E-01  3.509E-01  3.068E-02  3.066E-02
      2.450  5.926E-01  3.501E-01  2.869E-02  2.867E-02
      2.455  5.970E-01  3.511E-01  2.604E-02  2.587E-02
      2.460  6.008E-01  3.532E-01  2.308E-02  2.285E-02
      2.465  6.035E-01  3.561E-01  2.023E-02  2.019E-02
      2.470  6.041E-01  3.597E-01  1.824E-02  1.792E-02
      2.475  6.021E-01  3.644E-01  1.709E-02  1.648E-02
      2.480  5.972E-01  3.701E-01  1.663E-02  1.604E-02
      2.485  5.901E-01  3.764E-01  1.683E-02  1.658E-02
      2.490  5.817E-01  3.827E-01  1.790E-02  1.773E-02
      2.495  5.726E-01  3.883E-01  1.976E-02  1.932E-02
      2.500  5.628E-01  3.938E-01  2.192E-02  2.143E-02
      2.505  5.520E-01  4.002E-01  2.411E-02  2.372E-02
      2.510  5.397E-01  4.085E-01  2.606E-02  2.574E-02
      2.515  5.259E-01  4.195E-01  2.743E-02  2.711E-02
      2.520  5.112E-01  4.332E-01  2.794E-02  2.764E-02
      2.525  4.963E-01  4.488E-01  2.747E-02  2.734E-02
      2.530  4.821E-01  4.652E-01  2.644E-02  2.622E-02
      2.535  4.813E-01  4.689E-01  2.521E-02  2.461E-02
      2.540  4.964E-01  4.566E-01  2.389E-02  2.312E-02
      2.545  5.106E-01  4.448E-01  2.262E-02  2.204E-02
      2.550  5.240E-01  4.330E-01  2.151E-02  2.142E-02
      2.555  5.370E-01  4.211E-01  2.117E-02  2.070E-02
      2.560  5.492E-01  4.092E-01  2.121E-02  2.036E-02
      2.565  5.602E-01  3.977E-01  2.152E-02  2.058E-02
      2.570  5.695E-01  3.871E-01  2.209E-02  2.132E-02
      2.575  5.771E-01  3.777E-01  2.285E-02  2.243E-02
      2.580  5.835E-01  3.691E-01  2.375E-02  2.369E-02
      2.585  5.893E-01  3.610E-01  2.516E-02  2.454E-02
      2.590  5.946E-01  3.535E-01  2.651E-02  2.537E-02
      2.595  5.994E-01  3.469E-01  2.761E-02  2.608E-02
      2.600  6.032E-01  3.421E-01  2.820E-02  2.658E-02
      2.605  6.050E-01  3.401E-01  2.813E-02  2.677E-02
      2.610  6.044E-01  3.416E-01  2.739E-02  2.658E-02
      2.615  6.011E-01  3.468E-01  2.610E-02  2.596E-02
      2.620  5.956E-01  3.552E-01  2.487E-02  2.440E-02
      2.625  5.885E-01  3.657E-01  2.334E-02  2.244E-02
      2.630  5.807E-01  3.772E-01  2.156E-02  2.049E-02
      2.635  5.724E-01  3.888E-01  1.994E-02  1.887E-02
      2.640  5.631E-01  4.002E-01  1.888E-02  1.792E-02
      2.645  5.524E-01  4.113E-01  1.855E-02  1.778E-02
      2.650  5.402E-01  4.226E-01  1.884E-02  1.841E-02
      2.655  5.267E-01  4.342E-01  1.962E-02  1.948E-02
      2.660  5.128E-01  4.457E-01  2.117E-02  2.033E-02
      2.665  4.990E-01  4.569E-01  2.274E-02  2.138E-02
      2.670  4.857E-01  4.676E-01  2.403E-02  2.264E-02
      2.675  4.784E-01  4.728E-01  2.481E-02  2.399E-02
      2.680  4.901E-01  4.597E-01  2.514E-02  2.505E-02
      2.685  5.033E-01  4.462E-01  2.573E-02  2.480E-02
      2.690  5.180E-01  4.323E-01  2.553E-02  2.414E-02
      2.695  5.338E-01  4.185E-01  2.454E-02  2.315E-02
      2.700  5.493E-01  4.057E-01  2.298E-02  2.198E-02
      2.705  5.635E-01  3.944E-01  2.124E-02  2.086E-02
      2.710  5.756E-01  3.845E-01  2.008E-02  1.980E-02
      2.715  5.853E-01  3.758E-01  1.991E-02  1.903E-02
      2.720  5.925E-01  3.679E-01  2.046E-02  1.908E-02
      2.725  5.976E-01  3.608E-01  2.160E-02  1.996E-02
      2.730  6.006E-01  3.548E-01  2.306E-02  2.152E-02
      2.735  6.017E-01  3.502E-01  2.457E-02  2.356E-02
      2.740  6.007E-01  3.476E-01  2.591E-02  2.582E-02
      2.745  5.982E-01  3.469E-01  2.798E-02  2.694E-02
      2.750  5.946E-01  3.482E-01  2.963E-02  2.759E-02
      2.755  5.908E-01  3.510E-01  3.039E-02  2.777E-02
      2.760  5.873E-01  3.551E-01  3.010E-02  2.750E-02
      2.765  5.839E-01  3.604E-01  2.888E-02  2.683E-02
      2.770  5.798E-01  3.673E-01  2.703E-02  2.586E-02
      2.775  5.742E-01  3.762E-01  2.488E-02  2.470E-02
      2.780  5.662E-01  3.877E-01  2.342E-02  2.272E-02
      2.785  5.553E-01  4.018E-01  2.207E-02  2.075E-02
      2.790  5.420E-01  4.181E-01  2.077E-02  1.913E-02
      2.795  5.270E-01  4.354E-01  1.959E-02  1.804E-02
      2.800  5.115E-01  4.523E-01  1.862E-02  1.757E-02
      2.805  4.962E-01  4.680E-01  1.800E-02  1.772E-02
      2.810  4.821E-01  4.814E-01  1.849E-02  1.795E-02
      2.815  4.946E-01  4.669E-01  1.984E-02  1.872E-02
      2.820  5.057E-01  4.524E-01  2.162E-02  2.026E-02
      2.825  5.159E-01  4.384E-01  2.346E-02  2.222E-02
      2.830  5.255E-01  4.255E-01  2.491E-02  2.406E-02
      2.835  5.348E-01  4.141E-01  2.570E-02  2.537E-02
      2.840  5.440E-01  4.042E-01  2.605E-02  2.578E-02
      2.845  5.534E-01  3.952E-01  2.617E-02  2.525E-02
      2.850  5.631E-01  3.868E-01  2.582E-02  2.431E-02
      2.855  5.732E-01  3.786E-01  2.498E-02  2.317E-02
      2.860  5.837E-01  3.707E-01  2.360E-02  2.204E-02
      2.865  5.938E-01  3.634E-01  2.175E-02  2.106E-02
      2.870  6.027E-01  3.573E-01  2.025E-02  1.972E-02
      2.875  6.095E-01  3.530E-01  1.955E-02  1.799E-02
      2.880  6.133E-01  3.507E-01  1.898E-02  1.702E-02
      2.885  6.138E-01  3.502E-01  1.880E-02  1.715E-02
      2.890  6.108E-01  3.514E-01  1.936E-02  1.845E-02
      2.895  6.045E-01  3.540E-01  2.077E-02  2.075E-02
      2.900  5.956E-01  3.579E-01  2.367E-02  2.284E-02
      2.905  5.847E-01  3.634E-01  2.674E-02  2.521E-02
      2.910  5.725E-01  3.706E-01  2.951E-02  2.747E-02
      2.915  5.596E-01  3.796E-01  3.159E-02  2.928E-02
      2.920  5.466E-01  3.903E-01  3.268E-02  3.041E-02
      2.925  5.341E-01  4.026E-01  3.253E-02  3.072E-02
      2.930  5.226E-01  4.162E-01  3.110E-02  3.015E-02
      2.935  5.119E-01  4.308E-01  2.877E-02  2.861E-02
      2.940  5.017E-01  4.460E-01  2.677E-02  2.554E-02
      2.945  4.912E-01  4.619E-01  2.440E-02  2.249E-02
      2.950  4.800E-01  4.781E-01  2.196E-02  1.994E-02
      2.955  4.946E-01  4.676E-01  1.972E-02  1.810E-02
      2.960  5.112E-01  4.540E-01  1.790E-02  1.698E-02
      2.965  5.273E-01  4.394E-01  1.670E-02  1.655E-02
      2.970  5.423E-01  4.246E-01  1.684E-02  1.630E-02
      2.975  5.552E-01  4.102E-01  1.786E-02  1.677E-02
      2.980  5.655E-01  3.970E-01  1.948E-02  1.805E-02
      2.985  5.729E-01  3.856E-01  2.146E-02  1.998E-02
      2.990  5.780E-01  3.762E-01  2.346E-02  2.234E-02
      2.995  5.815E-01  3.687E-01  2.510E-02  2.470E-02
      3.000  5.844E-01  3.631E-01  2.647E-02  2.601E-02
      3.005  5.875E-01  3.593E-01  2.719E-02  2.603E-02
      3.010  5.907E-01  3.572E-01  2.677E-02  2.532E-02
      3.015  5.936E-01  3.566E-01  2.553E-02  2.421E-02
      3.020  5.958E-01  3.572E-01  2.393E-02  2.306E-02
      3.025  5.970E-01  3.586E-01  2.232E-02  2.210E-02
      3.030  5.972E-01  3.606E-01  2.138E-02  2.085E-02
      3.035  5.966E-01  3.631E-01  2.081E-02  1.956E-02
      3.040  5.947E-01  3.665E-01  2.030E-02  1.854E-02
      3.045  5.908E-01  3.714E-01  1.982E-02  1.800E-02
      3.050  5.840E-01  3.783E-01  1.945E-02  1.819E-02
      3.055  5.741E-01  3.874E-01  1.937E-02  1.922E-02
      3.060  5.609E-01  3.981E-01  2.104E-02  1.989E-02
      3.065  5.453E-01  4.100E-01  2.340E-02  2.122E-02
      3.070  5.283E-01  4.225E-01  2.588E-02  2.327E-02
      3.075  5.110E-01  4.354E-01  2.804E-02  2.562E-02
      3.080  4.941E-01  4.487E-01  2.955E-02  2.773E-02
      3.085  4.778E-01  4.628E-01  3.022E-02  2.918E-02
      3.090  4.779E-01  4.623E-01  3.001E-02  2.980E-02
      3.095  4.938E-01  4.476E-01  2.960E-02  2.898E-02
      3.100  5.103E-01  4.337E-01  2.868E-02  2.729E-02
      3.105  5.265E-01  4.213E-01  2.709E-02  2.512E-02
      3.110  5.417E-01  4.106E-01  2.495E-02  2.278E-02
      3.115  5.554E-01  4.015E-01  2.249E-02  2.065E-02
      3.120  5.673E-01  3.935E-01  2.006E-02  1.909E-02
      3.125  5.778E-01  3.859E-01  1.822E-02  1.807E-02
      3.130  5.873E-01  3.779E-01  1.794E-02  1.686E-02
      3.135  5.956E-01  3.697E-01  1.812E-02  1.656E-02
      3.140  6.022E-01  3.620E-01  1.868E-02  1.718E-02
      3.145  6.060E-01  3.558E-01  1.963E-02  1.857E-02
      3.150  6.065E-01  3.521E-01  2.089E-02  2.048E-02
      3.155  6.043E-01  3.509E-01  2.258E-02  2.222E-02
      3.160  6.002E-01  3.520E-01  2.444E-02  2.331E-02
      3.165  5.956E-01  3.550E-01  2.559E-02  2.389E-02
      3.170  5.909E-01  3.596E-01  2.571E-02  2.386E-02
      3.175  5.861E-01  3.659E-01  2.476E-02  2.328E-02
      3.180  5.805E-01  3.741E-01  2.304E-02  2.240E-02
      3.185  5.736E-01  3.837E-01  2.155E-02  2.112E-02
      3.190  5.653E-01  3.941E-01  2.101E-02  1.962E-02
      3.195  5.559E-01  4.043E-01  2.089E-02  1.896E-02
